   9.9757262e-02   2.5363204e-01   1.2945605e-02  -3.0755151e-02   1.1123394e-01   8.4918357e-02   8.2888270e-02  -6.3651859e-02  -5.6276278e-02  -5.7942005e-02  -1.6605354e-02   2.2253343e-02   1.0406352e-01   2.2090771e-01  -1.1234997e-01
   1.5338005e-01   3.4544731e-01   1.3532775e-01  -1.1247533e-01   7.4057956e-02   2.8147125e-02   9.4446156e-03  -4.2495767e-02  -8.8699385e-02   3.6097760e-02  -4.4080685e-02  -2.0047558e-01   1.0030369e-01   3.1148631e-01  -8.5306937e-02
   2.1699882e-01   2.2863159e-01   2.3479431e-01  -9.2578876e-02   2.3726159e-01   4.6625190e-02  -1.0519981e-01  -4.8191221e-02  -1.1240525e-01   5.7521295e-04   6.4833856e-02  -9.4635051e-02   7.9183893e-02   3.4724020e-01  -4.8653908e-02
   1.0941391e-01   2.3854055e-01   1.9310000e-01   6.4959363e-02   2.0410023e-01   6.5379299e-02  -5.4805535e-02   2.3822674e-03  -1.3633229e-01  -1.1717285e-01  -7.0233804e-02  -1.7574144e-01  -4.2830509e-02   3.5378172e-01  -2.3849020e-01
   9.9846833e-02   2.7655567e-01   1.6468136e-01   4.1414029e-02   2.5136691e-01   1.3306876e-02  -2.7417063e-01  -1.2766271e-01  -1.8806872e-01  -8.9346760e-02  -2.8620147e-02  -5.9497177e-02  -2.9963274e-02   2.4040160e-01  -2.7855280e-01
   7.5603242e-02   2.6859933e-01   2.5610780e-01   5.6024826e-02   3.3432480e-02  -8.0727605e-02  -2.7047721e-01  -2.1566672e-01  -2.2048335e-01  -2.2301703e-01  -3.5707160e-02  -1.0523019e-01  -1.0180737e-02   5.3153007e-02  -1.4671810e-01
   2.5019680e-02   3.3791764e-01   1.6506075e-01   1.2016532e-01   1.8722963e-02  -8.5687128e-02  -2.1770929e-01  -2.2650608e-01  -2.3733791e-01  -1.0151700e-01  -2.8227279e-02   1.5506470e-02   1.6524268e-01   1.4176812e-01   1.7447422e-01
   1.0307075e-01   1.4275094e-01   5.5541465e-02   1.1719781e-01  -6.1070198e-02   1.1091214e-01  -9.0074108e-02  -1.2509920e-01  -1.8201061e-01   1.3974384e-02   4.2736568e-02  -5.7908794e-02   1.6556215e-01   9.6622402e-02   2.5661856e-02
   1.0037667e-01   5.7966752e-02  -1.7257107e-02   1.0499414e-01  -4.6255112e-02  -2.1841244e-03   4.8061673e-03  -9.0357135e-02  -2.2414560e-01  -6.6308661e-02   4.8508433e-03  -2.3660044e-01   2.5405724e-01   1.2755427e-02   3.3238808e-02
   1.2765002e-01   3.7029976e-01  -5.7982067e-02   1.8372748e-01   1.5252249e-01   1.9828393e-02  -7.6626799e-02  -9.5336022e-02  -1.9228241e-01   8.4092901e-02  -1.5397878e-02  -3.2183115e-01   2.2918134e-01   3.0732828e-02   1.1902565e-01
   1.5582217e-01   3.3088021e-01  -4.7120084e-02   1.6401220e-01   3.3212573e-02   1.0036287e-02   1.4136042e-01  -4.0865604e-03  -1.5862010e-01   8.4821868e-02  -1.0033815e-01  -2.5703786e-01   3.0559046e-01   9.5499626e-02   9.8756940e-02
   1.5179313e-02   1.6909178e-01  -1.8099819e-03   4.1977116e-02   1.1462482e-01   7.0159799e-02   7.5388097e-02   7.5281299e-04  -4.0861660e-02   2.1759097e-01  -8.0274285e-02  -1.7332464e-01   1.6782256e-01   1.0539259e-02   1.9212277e-01
   5.3453513e-02  -8.6018696e-02  -4.9410956e-02   8.8491501e-03   7.2902136e-02   4.7072492e-02   1.0443263e-01  -5.7994459e-02   4.1010311e-02   1.4384186e-01  -2.7209588e-01  -1.5691170e-01   2.2154688e-01   8.9673861e-02   1.8453133e-01
  -5.8912908e-02   2.9749443e-02   2.0231706e-03   1.6651418e-02   2.4121166e-01   5.9025620e-02   1.9477240e-02  -7.0531847e-02   5.4721217e-02   1.1797477e-01  -2.7063796e-01   3.3519709e-03   4.8274268e-02   1.1674193e-01   2.4261569e-01
  -4.8378733e-02   4.7237810e-02  -1.4712327e-01   1.0852109e-02  -5.8111403e-02   5.8372678e-02   1.4377889e-01  -1.2146306e-01  -5.2801826e-03  -4.9670105e-02  -2.9107834e-01   4.6083201e-02   1.1102285e-01   2.6249972e-01   2.5897836e-02
  -1.0940650e-01   1.0567631e-01  -1.3954087e-01  -1.5705189e-01  -2.4432472e-02   5.8218444e-02   2.7732235e-02  -1.1256516e-01   1.1797078e-02  -2.6352923e-01  -3.5079253e-01   4.6877530e-02   7.6336378e-02   3.0468671e-01  -8.9620447e-02
   2.7928259e-02   2.5578577e-01  -1.3521059e-01  -7.5262773e-02   1.0363953e-01   1.2763335e-01  -4.8989548e-02  -4.9198700e-02  -2.8471905e-02  -2.7639658e-01  -2.2660804e-01   6.4567697e-02   5.0890265e-02   2.0004366e-01  -2.7153751e-01
  -1.6875638e-02   2.0144307e-01  -3.6498629e-02  -6.4478338e-03  -3.8816271e-02   7.3115492e-02   4.2376328e-02  -9.9020174e-02   8.7529571e-02  -1.4601668e-01  -1.3919184e-01   3.9673873e-02  -2.2952062e-01   7.4191593e-02  -1.8421364e-01
   2.2942359e-02  -1.8090447e-01   8.9625306e-02  -6.0952125e-02  -1.1650293e-01   1.8073325e-02  -1.8168026e-03   1.8015336e-02  -2.9077252e-02  -1.0267730e-01   5.1286982e-02   2.1564854e-01  -6.8953551e-02  -4.7141699e-02  -8.9420258e-02
   1.1762779e-01   9.5005134e-02  -1.5212504e-02   6.1314590e-02   1.6643554e-02   1.5151052e-02   2.9900312e-02   1.1287834e-02  -1.1921754e-02  -2.3852667e-01   4.5734288e-02   2.2360405e-01  -4.9379400e-02   1.0029734e-01  -1.4541942e-01
   2.6537385e-01   1.6051899e-01  -8.9746601e-02   1.8637026e-01  -2.3724930e-01   1.6638269e-01  -1.4346883e-01   1.0398960e-01   2.5238448e-02   2.0275315e-02  -8.3461433e-02   2.7496054e-01   5.6476871e-02   5.7685349e-02  -4.6100432e-02
   2.3568925e-01  -1.3713901e-01  -1.8642586e-01   1.1738379e-01  -3.1462332e-01   5.3974572e-02   1.5834934e-01   1.0576415e-01   5.1854384e-02   2.7788967e-02  -8.7449618e-02   3.3995548e-01  -1.3025053e-02   9.7934394e-02  -2.1634411e-01
   1.5255328e-01  -1.5537479e-01  -6.8054816e-02   1.2029084e-01  -3.8355198e-01   2.9239107e-02   1.4450055e-01  -1.1997043e-02   1.0078814e-01  -4.5178834e-02  -1.2957827e-01   3.4072952e-01   5.9045900e-02   1.0337665e-01  -2.2243555e-01
   1.6033839e-01   1.1540938e-01  -1.0166297e-02   3.6230226e-02  -1.4436559e-01   5.6270509e-03   4.2731615e-02  -1.5424683e-01   5.0858521e-02  -4.0359523e-02  -1.4546920e-01   9.9153400e-02  -9.5012272e-02  -1.4868712e-02  -2.1427002e-01
