  -2.1625907e-02  -2.4658603e-02  -1.4423439e-01   4.0749597e-02  -1.6516765e-01   1.1199555e-01   9.8298909e-02   8.4919687e-02  -1.4465195e-01   9.3405979e-02  -8.3605424e-02   1.8161202e-02  -6.7666898e-03  -2.9294168e-02  -4.9840735e-02   1.5356363e-02   1.1293073e-02   3.0976521e-02  -1.1726039e-01  -1.3827089e-01
  -1.3925915e-02   9.9908917e-02  -8.2954581e-02   9.0253129e-02  -2.5140644e-01   1.1036799e-01   1.3928063e-01   9.0890324e-02  -2.6613446e-01   7.8859026e-02  -2.2787086e-01   5.5476428e-02  -1.1348841e-01  -3.0200531e-02  -1.6838895e-01   1.0577035e-01   8.8754857e-02  -9.0638585e-03   4.7884789e-02  -1.0606437e-01
   7.6818451e-02   4.7024697e-02  -3.0271526e-02   1.6305650e-01  -2.4514505e-01   7.3740086e-02   1.4584105e-01   9.8694564e-02  -3.5817914e-01  -1.4781008e-01  -2.5368710e-01   8.1885766e-02  -8.2512470e-02   2.7511011e-02  -2.0786836e-01   4.5142925e-02   1.7461730e-01  -1.4468394e-02   4.6297676e-02  -5.6656745e-02
   8.3633577e-02   3.0563573e-02  -6.0630653e-02  -3.3890881e-02  -1.3940084e-01   1.4731248e-01   1.4375565e-01   1.4717018e-01  -2.4820683e-01  -1.9045446e-01  -2.1382984e-01   1.4717730e-01  -1.6382838e-01   6.9875604e-02  -1.9317581e-01  -4.9062620e-02   1.9692233e-01  -2.7219475e-02   1.3821734e-01   5.4663579e-02
   1.3145278e-02  -6.2159939e-02  -8.9624310e-02  -1.2694660e-01  -2.7733506e-01   1.2153002e-01   7.6590989e-02   1.9783819e-01  -2.0021033e-01  -1.7663212e-01  -1.5183112e-01   1.4063082e-01  -1.5323831e-01   1.1349747e-01  -2.7245389e-01  -1.7193484e-02   1.2968933e-01  -6.4735796e-02   4.1865924e-02   4.0069757e-02
   1.0717025e-03  -1.0215063e-01  -1.5660581e-01  -9.8234922e-02  -4.4526444e-02   1.2454850e-01   1.0578115e-01   5.2459396e-02  -2.0474036e-01  -2.0459890e-01  -1.7442162e-01  -1.3154414e-02  -1.7204069e-01   1.0942930e-01  -2.1176564e-02  -8.3539271e-02   1.1172757e-01  -2.0595735e-02   1.1214389e-01  -6.1018220e-02
   2.6772176e-02   1.0519829e-01  -1.1325690e-01  -5.5626576e-02   1.8431166e-01   1.5092693e-01   1.0663899e-01   9.9964981e-03  -2.3691685e-01  -2.6406423e-01  -1.4488141e-01  -1.0293917e-01  -1.3523028e-01   4.1390662e-02  -2.9258258e-02  -8.9930839e-02   1.5910310e-01  -7.5387525e-03   1.4415230e-01   6.1398312e-02
   6.3450672e-02   1.1274617e-01  -6.1836226e-02  -9.0454203e-02   5.3357198e-01   8.3918765e-02   2.5583077e-01   4.9798904e-02  -3.1641226e-01  -3.4904965e-01  -1.3377201e-01  -8.3773812e-02  -1.6525006e-01   7.1811732e-02  -1.2375479e-01  -7.7435146e-02   1.0717364e-01   8.0371339e-02   1.3459754e-01   2.9889323e-02
   3.7837951e-02   2.0121688e-02   2.8313572e-02  -2.1475168e-01   3.8949773e-01   1.7241721e-01   1.9358945e-01   3.4268286e-02  -2.8060190e-01  -3.0371982e-01  -1.1121778e-01  -7.8461814e-02  -1.9617762e-01   8.2551828e-02  -2.1417349e-01  -8.0438333e-02   9.4156042e-02   3.1971100e-02   4.3775796e-02  -1.2989484e-01
   4.1970466e-02  -1.6660080e-01  -4.9459565e-03  -2.0270155e-01   4.4467682e-01   1.3179196e-01   1.6736763e-01  -2.7650700e-02  -2.6765476e-01  -2.4001910e-01  -7.7197679e-02  -1.1728004e-01  -9.3749202e-02   1.0382283e-01  -1.6004537e-01  -8.2443507e-02   3.0942780e-02  -1.1676834e-02  -3.4957048e-02  -5.9916292e-03
   6.2912612e-02  -2.1426307e-01   3.6955416e-02  -6.3515886e-02   4.1665385e-01   1.4884351e-01   2.6760927e-01  -3.2379890e-02  -2.5627323e-01  -2.7901586e-01   2.0307308e-02  -2.0602554e-01   3.8834725e-02   1.8478634e-01  -1.7939855e-01  -1.2080236e-02   8.9651192e-02  -3.8416510e-02   8.5999404e-02   5.0048525e-02
   9.1499013e-02  -2.8546316e-01   1.1269371e-01  -6.7979484e-02   1.9190317e-01   7.5344388e-02   2.1388471e-01   4.4444263e-02  -2.9211631e-01  -1.6551954e-01   4.0184724e-02  -2.3206709e-01   8.0234615e-02   1.8281940e-01  -4.8859836e-02   6.4349765e-03   5.3638312e-02  -1.5178436e-01   1.2313617e-01   3.0406990e-02
   9.2148031e-02  -2.7683824e-01   2.0707549e-01  -1.1696379e-01   1.1952884e-01   2.8168670e-02   2.0595283e-01   1.4846125e-01  -3.2550272e-01  -7.0603643e-02  -4.9569291e-02  -2.1919681e-01   2.3645739e-01   3.1347860e-01   4.1657409e-02   1.9997123e-02   7.4432979e-02  -1.9427181e-01   7.8558692e-02  -1.5193359e-01
   1.7122828e-01  -2.4692289e-01   1.9442116e-01  -2.3983995e-01  -1.2744744e-01  -1.2483291e-02   2.5906878e-01   2.9258186e-01  -2.0956421e-01  -1.3662323e-01  -8.3936242e-02  -9.7212502e-02   2.9717930e-01   4.0774548e-01   1.0539494e-01   8.8253998e-02  -4.9995487e-02  -2.5188961e-01   8.7425617e-02  -1.9651194e-01
   2.1506155e-01  -2.8023257e-01   2.4721459e-01  -1.2161271e-01  -1.9285534e-01  -1.9245003e-02   1.4180022e-01   3.6871034e-01  -1.9843334e-01  -9.2889047e-02  -1.5994225e-01  -1.3527597e-01   2.2967422e-01   4.3027578e-01  -7.2695815e-02   8.0878022e-02  -1.3726664e-02  -2.4305216e-01   1.6585940e-01  -1.8382378e-01
   3.3818706e-01  -2.0177179e-01   1.2133665e-01  -8.0058437e-02  -8.6031452e-02  -5.8050483e-02   1.5282363e-01   1.5211067e-01  -1.3942124e-01  -1.3928151e-01  -1.8342063e-01  -2.0502340e-01   1.6274973e-01   3.4325703e-01   3.1037707e-02   8.2906385e-02   1.9826653e-02  -2.2497207e-01   1.6094166e-01  -1.3974897e-01
   3.0267119e-01  -1.4319553e-01  -6.7491397e-03  -1.2672568e-01   1.5555301e-02  -1.1398604e-01   1.9380345e-01   2.5744276e-02  -2.5871381e-02  -9.6216766e-02  -1.9658504e-01  -2.4424399e-01   8.8454098e-02   2.7878369e-01  -3.0787233e-03   1.4013910e-01   4.0817535e-03  -1.6146279e-01   1.0816317e-01  -1.2806033e-01
   1.7188406e-01  -1.0779527e-01   5.8752340e-02  -1.3467884e-01  -1.9801818e-01  -1.5121918e-01   2.5448841e-01   3.3029197e-02   3.5645795e-02  -1.7427915e-01  -8.2409885e-02  -2.3545369e-01   3.0938495e-02   2.3713577e-01   7.1459957e-02   7.2006146e-02  -6.0723290e-02  -1.1521939e-01   8.9901757e-02  -1.4198309e-01
   2.1114103e-01   1.9108151e-02  -1.9911479e-02  -3.1611786e-01  -1.8827532e-01  -9.6521801e-02   3.2237452e-01   3.3262009e-02  -1.3799644e-02  -2.2952184e-01   1.1957067e-03  -1.9657308e-01  -1.2015867e-02   2.7447416e-01   1.0630110e-01   4.6367841e-02  -6.2277253e-02  -1.0076852e-01   2.3183811e-01  -1.1260494e-01
   1.4593073e-01   1.5498357e-03  -1.5279877e-01  -3.5657431e-01  -1.2051664e-01  -1.0742419e-01   4.1986652e-01   8.9332781e-02  -5.5526268e-02  -3.3514233e-01   5.3185105e-02  -2.5485775e-01   7.6643192e-02   1.3647501e-01   1.2341413e-01  -4.2463023e-02   3.6723980e-03  -2.4174007e-02   1.4072942e-01  -1.3115790e-01
   2.8799067e-02   6.5559919e-02  -1.1736128e-01  -1.7092546e-01  -1.4333573e-01   5.8426438e-02   3.4457224e-01   1.1642461e-01   1.8535579e-02  -2.6131021e-01   1.4149379e-01  -1.7832535e-01   1.5082719e-01   2.9054150e-02   3.1743345e-02  -3.3567750e-02  -3.6969176e-02   1.6809346e-02   2.0274156e-01  -2.5890579e-01
   3.1384903e-02   2.1477871e-02  -1.2453657e-01  -2.0195081e-01  -1.3655919e-01  -5.0755868e-02   4.4812829e-01   1.1385536e-01   2.1684510e-02  -2.7785896e-01   1.7664660e-01  -1.4706397e-01   1.9479714e-01   9.8379399e-03   1.0211791e-02  -1.2531915e-02  -3.6353077e-02   8.3799621e-02   1.0278451e-01  -2.1234032e-01
   3.5910789e-02   3.2255113e-02  -8.1844206e-02  -2.1741304e-01  -5.4975257e-02  -1.0427278e-01   3.9174651e-01   1.7431185e-01   1.2857196e-02  -1.7233033e-01   1.6824776e-01  -1.2629955e-01   2.3716414e-01   3.5106310e-02   1.9833362e-01  -1.1681641e-02  -3.5785732e-02  -1.3955827e-02   1.4645044e-01  -2.2211923e-01
   5.5999525e-02  -4.8848493e-02  -7.6386148e-02  -1.2671495e-01  -1.1428036e-02  -1.9878748e-03   1.5034117e-01   1.0714992e-01  -8.0923687e-02  -1.1079696e-01   9.3091509e-02  -1.1493808e-01   1.6807251e-01  -2.7661384e-02   5.0066025e-02  -2.2042784e-02  -7.1210744e-02   6.4796258e-03  -9.9655919e-03  -1.5147319e-01
