   6.2048729e-02  -2.8363650e-02   1.3175983e-01  -4.7996691e-02  -1.7230025e-01   1.0194244e-01   6.0707707e-02   4.3572493e-02  -1.1394383e-01  -7.8719499e-02   7.5428620e-02   2.3664865e-01  -6.8008253e-02   1.9902745e-02  -1.1657238e-01   1.0949279e-01  -5.7942256e-02  -1.5868084e-02   8.1512327e-02   2.2758331e-01
   7.9749460e-02   9.6525600e-02   1.8874103e-01  -2.4271902e-01  -1.0035070e-01   2.1897919e-01  -5.0424690e-02   1.1363912e-02  -1.2583916e-01  -1.0511120e-01   6.6998650e-02   3.0201581e-01  -4.0999603e-02   1.0605708e-01  -1.5029731e-01   1.5840442e-01  -9.9462337e-02  -1.2602115e-01   8.2248777e-02  -2.9659370e-02
   1.7777254e-02   4.7107538e-02   3.2368170e-01  -8.1273608e-02  -9.5951184e-02   1.7598471e-01  -6.3981257e-03  -2.8812359e-02  -2.6607528e-01   2.2466314e-02   3.0500023e-02   2.6189179e-01  -4.0797414e-02   1.2758458e-01  -1.0377828e-01   4.8810784e-02  -7.6451687e-02  -7.8772972e-02   2.7405961e-01   1.3497994e-02
   8.9532518e-02   2.2290736e-01   1.2378121e-01  -6.1552038e-02  -1.5691074e-02   1.8707722e-01  -4.0717068e-02   1.9825764e-01  -2.2378664e-01   4.8932206e-02  -2.2743159e-02   3.6298968e-01   3.6311358e-02   4.1719494e-02  -2.9018321e-02   1.9173078e-02  -5.0060659e-02  -9.4546207e-02   3.5242418e-01   4.9241340e-02
   2.3616923e-01   1.9501118e-01   1.6585059e-01   2.7826325e-01   2.0041446e-01   1.5002326e-01  -3.9923845e-03   3.5436856e-02  -2.2711714e-01   1.3830332e-01  -5.3593243e-02   1.5931021e-01  -5.8377426e-03  -2.0549840e-02  -6.4546709e-02   2.9103191e-02  -9.1786765e-02  -2.4785321e-01   2.8259347e-01   8.6707241e-02
   2.8658285e-01   2.8326213e-01  -2.2120597e-01  -1.3855003e-02   2.7351036e-01   8.4630181e-02  -1.2628704e-01   3.5113076e-02  -1.4899659e-01   1.0924695e-01   5.0844451e-03   1.9971979e-01   5.7699646e-02  -2.0798505e-01  -4.2631433e-02  -7.3702434e-02  -3.1767553e-01  -2.1127568e-01   1.4259487e-01   8.4617994e-04
   2.5474803e-01   2.5863898e-01  -4.7663662e-02   1.1529498e-01   7.8739587e-02   1.2665350e-01  -1.9302334e-01   1.2966233e-01   6.7463283e-03   2.5323066e-02   2.0675069e-02   2.3768994e-01   1.5341471e-01  -3.9213132e-01  -8.9766753e-02   1.6308698e-02  -2.3402248e-01  -2.0646518e-01  -2.0190842e-01  -1.4242606e-01
   2.4339810e-01   2.5923727e-01   1.0497390e-01  -2.5025890e-01   1.0481270e-01   1.2021807e-01  -1.3093376e-01   1.8949396e-01  -9.6553187e-02   7.0330300e-02   1.0460104e-01   4.2038482e-02   4.8891413e-02  -2.2593281e-01  -1.7944426e-01  -2.0759740e-02  -1.8809385e-01  -2.4085417e-01  -3.8954330e-01   1.0120572e-01
   2.8623789e-01   2.4360278e-01   3.9518557e-02  -1.9852282e-01  -7.2392982e-02   9.8190240e-02  -1.2122555e-01   1.1241687e-01  -1.6016669e-01   1.1108157e-01   2.3218721e-01   1.9676728e-02   1.4124686e-01  -2.4837150e-01  -8.9495973e-02   1.1558908e-01  -2.2345865e-01  -2.3340140e-01  -3.4983746e-01   5.0544796e-01
   2.9450384e-01   1.0211924e-01   1.5722778e-01  -2.6392779e-01   6.3544193e-02   1.4033308e-01  -8.1212351e-02   1.0781397e-01  -2.5032506e-01   1.7400955e-01   1.7262055e-01  -1.5926785e-02   1.4775257e-01  -1.6909474e-01  -1.1094183e-01   1.0068177e-01  -7.2860676e-02  -1.7146985e-01  -4.3362401e-01   3.2747786e-01
   2.5134505e-01  -5.9758932e-02  -1.6622911e-02  -2.3859080e-01   1.2336629e-01   1.0648523e-01  -1.4748784e-03  -1.2827216e-01  -3.3455182e-01   1.2741240e-01   1.3704036e-01  -1.2884659e-01   2.4445489e-01  -8.2380866e-02  -1.9167231e-02   6.5789284e-02   1.0652902e-01  -1.0172934e-01  -3.5045423e-01   2.6976320e-01
   3.1587000e-01  -1.3710813e-01   1.0221240e-02  -3.8504026e-01   3.4156628e-02   4.5517951e-02  -2.2854025e-02   1.1892331e-01  -3.7472794e-01   1.0307375e-01   3.1219155e-02  -6.6414272e-02   2.5156828e-01  -1.3653244e-01   1.1471458e-02   9.1733064e-02   1.2506303e-01  -2.3482891e-02  -3.2367306e-01   1.4242448e-01
   2.7234283e-01  -2.2266223e-01  -1.4340348e-02  -1.6305868e-01  -1.5353468e-01  -2.4111711e-03   9.5647989e-03   5.5844391e-03  -3.3337813e-01   1.0903124e-01  -4.4008057e-02  -4.7471517e-02   2.9856762e-01   2.5269761e-02   1.0540198e-01   1.0737594e-01   2.4922872e-01  -1.0023344e-01  -6.8636463e-02   1.6710652e-01
   2.6461612e-01  -1.6388809e-01   9.7881236e-02  -5.7029360e-01  -4.5385771e-01  -5.8395989e-02   7.1037004e-02   5.7062826e-02  -2.5633347e-01   8.5275864e-02  -1.8969314e-01   9.0985021e-02   1.7764082e-01  -1.1106460e-01   3.0452526e-01   8.4028893e-02   3.1310275e-01  -1.2132818e-01  -1.3431110e-01   4.8773437e-02
   2.4449004e-01  -3.2006677e-01   9.9687328e-02  -2.0464150e-01  -2.9173624e-01   3.2345352e-03   4.9294523e-02   2.9852361e-02  -3.2596947e-01  -9.4793197e-03  -2.6312977e-01   4.3590161e-02   2.6309312e-01  -5.0225468e-02   2.0954200e-01   3.5593756e-04   3.1551447e-01  -8.8274995e-02   3.8510583e-03   1.1315399e-01
   2.1789937e-01  -3.3886229e-01   1.6488989e-01  -2.6093005e-01  -1.4573031e-01   1.9666575e-03  -3.0995197e-02   6.0402637e-02  -2.6008869e-01  -2.1501861e-02  -2.7837297e-01   1.5528745e-01   2.8279412e-01  -9.9993385e-02   2.5436073e-01  -3.6981943e-02   2.9440183e-01  -1.9875392e-01   1.0218806e-01  -1.2322466e-01
   2.6654541e-01  -4.7233977e-01   1.9495389e-01  -2.8395653e-01   1.0987816e-01   2.3488600e-02   9.1673565e-02   1.0080220e-01  -2.2301126e-01   1.0925208e-02  -2.3931330e-01   1.8995940e-01   1.7284569e-01  -1.0215690e-01   2.1151069e-01   3.6123062e-02   1.8577817e-01  -1.8676621e-01   1.1977249e-01  -1.0323333e-01
   2.4125057e-01  -4.3764798e-01   3.1034241e-01  -2.7637444e-01   1.5362741e-01   1.5190164e-02   1.9902479e-01   9.1390071e-03  -1.7673172e-01  -1.1053127e-02  -1.8009506e-01   2.6397330e-01   1.9425052e-01  -1.1226231e-01   2.6404811e-01   1.3673417e-02   1.4535562e-01  -1.9472760e-01   9.3112327e-02   2.1262616e-01
   1.7577101e-01  -2.7934886e-01   3.4309720e-01  -2.6318427e-01   2.9873280e-01  -5.5135456e-02   2.7945982e-01  -6.2165400e-02  -2.2217747e-01  -5.0900993e-02  -9.0952582e-02   2.9109817e-01   8.4398000e-03  -1.7269507e-01   3.2091512e-01   1.7429043e-01   6.5855381e-03  -2.6873676e-01  -6.0046255e-03   9.0295902e-02
   1.3193098e-01   1.0238039e-02   1.0249223e-01  -1.8865234e-01  -1.7743355e-01  -1.9259278e-01   1.7794946e-01  -5.3210397e-02   9.7112089e-03  -8.2496946e-02   7.7146005e-03   1.7515111e-01   3.3143036e-02  -1.8992206e-01   1.7281990e-01   2.5811355e-01   7.7637623e-02  -2.4211079e-01  -3.2398844e-02  -1.1910715e-01
   1.0087074e-01  -5.8513221e-02   1.1285608e-02  -1.5223511e-01   4.2638490e-01  -9.9582762e-02   6.7460984e-02  -8.7690726e-02   2.9990493e-03   3.4102950e-02   2.4732279e-02   2.1556661e-01  -6.1824891e-02  -1.8775057e-01   1.5316154e-01   2.6493382e-01   1.4307899e-01  -3.2769530e-01  -8.3980558e-03  -2.2648571e-01
   1.3181539e-01  -7.9916849e-02  -3.2470545e-02  -1.1665477e-01  -5.9669136e-01  -2.2174632e-01   8.5398483e-02  -1.7129529e-01   1.4864675e-01   2.2586484e-02   3.8347475e-02  -2.3050762e-02  -1.6132305e-01  -6.0988082e-02  -1.5548596e-01   2.6336480e-01   1.1685894e-01  -3.0680666e-01  -6.2620610e-02  -1.8528041e-01
   9.6806467e-02  -8.0438628e-02  -1.5821856e-01  -5.8863467e-02  -2.3798940e-01  -1.2979178e-01   1.1920808e-01  -2.1151473e-01   2.2192074e-01   7.0340659e-02   9.0790847e-02  -5.2806628e-02  -1.5595131e-01  -1.5241228e-01  -1.2609364e-01   2.0882661e-01   1.7325106e-01  -2.4202340e-01  -1.9359928e-01  -1.8159901e-01
   9.7272981e-02   2.5099474e-02  -8.1492791e-02  -4.2593094e-02  -2.6174309e-01  -9.7305867e-02   6.5852789e-03  -1.1795309e-01   1.2694369e-01   2.0074360e-01   8.2648495e-02  -3.2330711e-03  -1.1152161e-01  -1.1066215e-02   2.3023577e-01   1.3884442e-01   9.1853232e-02  -1.5629799e-01  -6.7372331e-02  -2.6448560e-01
