   6.2299007e-02  -7.3809503e-02   1.3845825e-02   1.4995715e-01   2.2621559e-02   9.8306169e-02   1.3553311e-03   4.7667221e-02   5.7806171e-02  -4.6160031e-02
   2.0058097e-01  -2.0580104e-01  -3.2946437e-02   2.0165213e-01  -1.2148291e-01   1.5090155e-01   5.0403550e-02   6.9471595e-03   6.9817037e-02  -1.5316454e-01
   2.1133025e-01  -2.9888130e-01  -1.6876191e-01   8.1080911e-02  -4.2660494e-02   1.7516386e-01   4.2687120e-02   1.6014959e-02  -3.6544994e-02  -1.5226099e-01
   2.3076058e-01  -1.8945518e-01  -2.1523452e-01   3.0496956e-02  -4.7391021e-02   2.3047190e-01   8.2861761e-02   8.8537135e-02  -4.0112477e-02  -3.5711450e-01
   1.9584133e-01  -2.4357770e-01  -1.1653998e-01   5.7448827e-02  -1.2054991e-01   1.5470566e-01   8.8196380e-02   8.1885681e-02  -5.1301232e-02  -3.9679469e-01
   1.9808458e-01  -2.0125535e-01  -2.2534824e-01   5.2530696e-02  -1.4176481e-01   7.0417914e-02  -3.2326922e-02   6.5997608e-02  -1.4658999e-01  -3.1175968e-01
   1.6322474e-01  -2.1257387e-01  -2.0941257e-01   9.0845671e-02  -5.8703679e-02   3.4149394e-02  -1.6798726e-01   8.8784205e-02  -8.3326930e-02  -3.9178531e-01
   1.9658944e-01  -2.1037068e-01  -3.0935270e-01   1.1572140e-01  -1.4713576e-01  -5.6088383e-02  -1.9255115e-01   6.8533343e-02  -1.1454119e-01  -4.9644282e-01
   1.9258794e-01  -2.0747349e-01  -2.9675736e-01   3.8064425e-02  -2.7543620e-02   7.7656077e-02  -1.6955893e-01   1.0043903e-01  -1.5209671e-01  -4.4959931e-01
   1.3265822e-01  -2.0348813e-01  -2.7056751e-01   1.6785941e-01   1.4642940e-02   1.2837921e-01  -1.6334520e-01   1.1833294e-01  -9.5169776e-02  -4.4041047e-01
   1.0547062e-01  -1.3585628e-01  -2.9444272e-01   1.8896104e-01   6.1133962e-02   2.2265413e-01  -1.0189805e-01   2.0006645e-02  -1.5988683e-02  -4.0497005e-01
   7.1002253e-02  -1.2189601e-01  -3.2761399e-01   2.2532526e-01   1.1353105e-02   2.7466710e-01   7.5631759e-02  -1.1449892e-01   8.6253029e-02  -2.5424764e-01
  -7.7124400e-03  -1.0860562e-01  -2.9756181e-01   3.2394814e-01  -6.4661442e-02   3.0482585e-01  -2.1602150e-02  -2.4568762e-01   2.4681288e-03  -1.2645241e-01
   1.2551054e-01  -1.2358167e-01  -2.7111157e-01   3.1847490e-01  -2.5204763e-01   3.3331977e-01  -8.5762124e-02  -4.0361672e-01   9.8078663e-02  -9.9974443e-03
   2.1089787e-01  -1.6681120e-01  -2.4458133e-01   3.7056569e-01  -2.5598095e-01   2.8911497e-01  -1.0573129e-01  -4.2688962e-01   7.7777562e-02  -3.3011707e-02
   1.9276930e-01  -2.7565154e-01  -2.3459121e-01   3.0387482e-01  -2.3779728e-01   2.7494938e-01  -9.1867283e-02  -5.1134990e-01   1.2145921e-02  -1.3207009e-01
   1.8066866e-01  -2.4093794e-01  -2.6785890e-01   2.5955150e-01  -2.0253470e-01   1.7820168e-01  -1.1335145e-01  -4.9188994e-01   1.0049049e-01  -1.2692664e-01
   1.9846932e-01  -9.0271763e-02  -2.0298059e-01   2.1082471e-01  -2.7943674e-01   1.2404619e-01  -1.1449835e-01  -3.7390890e-01   1.3313269e-01  -3.0038933e-01
   1.3467737e-01  -1.3893916e-02  -1.9219568e-01   1.4319061e-01  -2.9241978e-01   8.9469572e-02  -4.8279910e-02  -2.0764288e-01   1.4365504e-01  -4.3985309e-01
   1.7659828e-01  -1.8399758e-02  -2.4460749e-01   1.2735828e-01  -7.9527582e-02   1.1515087e-01   4.5064610e-02   1.7728118e-02   1.2873506e-01  -4.5949644e-01
   1.6278572e-01  -6.1468677e-02  -2.6866333e-01   9.2245908e-02   5.4447095e-02   1.7470612e-01   1.0567550e-01   1.0725270e-01   1.6934355e-01  -6.2407523e-01
   1.9038034e-01  -1.7782463e-01  -1.5876597e-01   4.8843798e-03   1.3223806e-02   1.3527303e-01   1.5234309e-01   1.1367926e-01   1.9496439e-01  -7.2702501e-01
   2.5190368e-01  -6.3187788e-02  -1.2802352e-01  -3.3507604e-02   7.0011103e-02   1.2815658e-01   8.3191513e-02  -4.5968833e-02   1.4189975e-01  -7.8941552e-01
   1.6922900e-01  -2.0392093e-01  -9.3105917e-02  -4.4240698e-02  -9.0072720e-03   2.8685988e-02   1.5205709e-02  -3.5670775e-02  -1.1734890e-02  -5.2035680e-01
