   4.2718317e-02   1.9362991e-01   5.3493607e-02  -7.3667968e-02  -2.6461174e-02  -1.4478554e-02   4.3165815e-02   1.5480604e-01   5.0260320e-02  -3.7261553e-02  -1.1468141e-02   2.2332471e-01  -1.1405299e-01   1.9879522e-01   1.1447347e-01   6.2635028e-02  -1.0879335e-01  -1.1528134e-01  -2.5577507e-03   1.6570984e-01
   5.6911871e-02   2.6821560e-01   1.4162273e-01  -1.3260678e-01  -1.5336781e-02   8.5135055e-03   9.0856975e-02   1.1885491e-01   1.0892025e-01  -5.4613254e-02   2.1193175e-02   1.8158652e-01  -2.8972456e-01   2.6630389e-01   1.7126216e-01   1.2397714e-01  -1.7219492e-01  -1.4365410e-01   1.4117584e-01   4.4338355e-02
  -5.3026262e-02   2.8879096e-01   1.9283842e-01  -1.3716336e-01  -7.5877923e-02  -5.5685184e-02  -1.0147431e-01   8.4956608e-02   9.9113043e-02  -9.5721653e-02   6.9914664e-03   2.1886626e-01  -3.5803121e-01   3.3358203e-01   2.9700472e-01   1.1841871e-01  -1.7520299e-01  -2.5748743e-01  -5.1542950e-02   1.2001555e-01
  -1.1357187e-01   2.9478236e-01   1.1786501e-01  -1.6643779e-01  -1.1752730e-01  -1.0526133e-01   2.7153002e-02   1.2612830e-01   1.0332609e-01  -1.4938082e-01   1.5656814e-01   2.9325363e-01  -3.8030598e-01   3.2240031e-01   2.1114871e-01   3.4036593e-02  -2.2828515e-01  -3.6023911e-01  -1.6754627e-01  -7.0460671e-02
  -1.0789694e-02   2.1652175e-01   7.7691122e-02  -1.8673033e-01  -1.7865885e-01  -1.0784095e-01   8.0389239e-02   1.7577751e-01   1.1799877e-03  -9.6616080e-02   1.0614322e-01   3.6555737e-01  -2.4404586e-01   3.0510616e-01   2.4851388e-01  -1.0232605e-01  -3.4122144e-01  -2.9145566e-01  -2.7499964e-01  -1.6457982e-02
   2.2594134e-02   1.4362424e-01  -7.8355768e-02  -2.0213149e-01  -1.8379332e-01  -7.1143597e-02   5.0250840e-02   2.8757952e-01   4.7281113e-02  -7.1147360e-02   1.1001688e-01   3.1237357e-01  -2.2535196e-01   3.3609639e-01   2.2335379e-01  -2.8477883e-02  -4.0597135e-01  -2.5820873e-01  -9.5070914e-02  -1.8255821e-01
   7.9360241e-03   1.8651755e-01  -3.9793508e-02  -2.7442175e-01   5.0454321e-03  -8.9873221e-02   5.4561187e-02   2.6984030e-01  -5.7350280e-02  -4.8495474e-03   4.9061342e-02   2.7074930e-01  -2.5972863e-01   3.0777301e-01   2.6703439e-01  -1.7401618e-01  -4.4192739e-01  -2.7625484e-01  -1.4648927e-01  -2.1952930e-01
   3.7842483e-02   2.0905092e-01  -3.9533860e-02  -2.9484843e-01   4.5929069e-02  -1.2456075e-01  -1.1295551e-02   1.3645931e-01   3.0702886e-02   1.5073338e-01   1.4439454e-01   2.1994712e-01  -2.4489156e-01   2.1183636e-01   2.4936774e-01  -2.2557212e-01  -4.0480649e-01  -2.3885532e-01  -1.5568538e-02  -2.1903151e-01
   6.5025851e-02   1.7326326e-01  -3.7933404e-02  -2.9379907e-01  -9.9685391e-03  -9.5677579e-02  -4.4894706e-03   1.5793760e-01  -7.4966535e-02   2.0304934e-01   9.4377577e-02   2.4253558e-01  -1.3714946e-01   2.8358765e-01   3.6095930e-01  -2.1675247e-01  -2.8524528e-01  -2.8124805e-01   1.9407101e-01  -2.0448990e-01
   1.0746640e-01   1.5810318e-01  -5.6432246e-02  -2.6181471e-01  -1.0968149e-01  -1.0627348e-01   1.2732299e-01   4.3339728e-02  -6.6350801e-02   1.2519080e-01   8.2440936e-02   2.8459288e-01  -6.1789540e-02   2.2762561e-01   3.2153824e-01  -1.8305944e-01  -1.0884079e-01  -2.1694361e-01  -1.4643360e-01  -1.7515490e-01
   7.5683389e-02   5.4580364e-02  -4.5275411e-02  -2.2929327e-01  -1.5297112e-02  -1.3369279e-01   1.8853882e-01   1.5104479e-02  -5.8059937e-02  -4.6297783e-02   1.0117413e-01   3.5885550e-01  -1.1618589e-01   2.1123418e-01   1.1655792e-01  -1.6013892e-01   6.5305996e-02  -1.7469824e-01   7.1099677e-02  -9.7678545e-02
   7.4599891e-02  -4.5742516e-04  -3.8779067e-02  -2.2407196e-01  -3.1564462e-02  -1.2809231e-01   1.7971782e-01  -2.4616474e-03  -4.7090755e-02  -1.2789717e-01   4.7779477e-02   3.6973196e-01  -8.2797119e-02  -3.0955839e-02  -1.4416808e-01  -1.5776841e-01   5.7657310e-02  -1.3807388e-01   7.9239280e-02   3.4579760e-02
   2.5377935e-02   5.8891405e-02  -1.3801545e-01  -3.2396518e-01   4.8889367e-03  -1.6748451e-01   8.9137766e-02  -1.2576871e-02  -7.0479589e-02   4.6179800e-02   6.0734032e-02   3.3588593e-01  -9.2582035e-02   8.7419852e-02  -3.7344169e-01  -2.4754853e-01   1.4985290e-01  -2.1231083e-01   1.6442853e-01   7.8395431e-03
  -2.2208203e-02   7.5271341e-02  -3.9490446e-02  -2.6079921e-01  -4.4690607e-02  -8.1888861e-02   8.8322339e-02  -5.2791226e-02  -5.3344908e-02   7.0283203e-02   5.5078411e-02   3.8889682e-01  -2.0904493e-01   1.3756128e-01  -4.1551086e-01  -2.8215680e-01   2.0236408e-01  -8.6464246e-02   2.2212499e-01   1.7712261e-01
  -5.5983093e-03   7.1120818e-02  -2.6180813e-02  -2.2397406e-01  -9.3434731e-02  -1.0457633e-01   6.2935887e-02  -8.0213758e-03  -6.9359022e-02   7.8020388e-02   6.7369026e-02   3.0332431e-01  -2.9504607e-01   1.1854626e-01  -4.6039004e-01  -2.7256791e-01   2.6340860e-01  -9.1102322e-02   2.4114256e-01   2.0716691e-01
   1.7067669e-02  -7.6981226e-02   4.7049440e-02  -9.9154640e-02  -1.3252805e-01  -1.1554025e-01   1.1124042e-01  -9.6696983e-02  -5.8712996e-02  -2.0964806e-02  -5.8149992e-02   3.2243839e-01  -2.6063894e-01   8.3229041e-02  -4.4381944e-01  -2.5848758e-01   3.1428857e-01  -9.4993385e-02   1.0601619e-01   3.5945298e-03
   5.3987969e-02  -2.3134390e-02   4.5203162e-02  -6.4220337e-02  -9.8790103e-02  -3.9890929e-02   1.9531042e-01   1.0723524e-02  -1.2486189e-01  -5.8867767e-02   7.1156992e-03   3.8050781e-01  -2.4562295e-01   2.0125405e-01  -3.1735094e-01  -2.1942337e-01   2.9299137e-01  -1.2684206e-01   4.3088060e-02   1.7019482e-01
   3.9873825e-02   7.0773011e-02   1.3308353e-01  -4.9938992e-02  -1.8102143e-01  -1.7170228e-02   2.3496077e-01   6.7359407e-02  -6.7050059e-02  -6.9786000e-02   2.3718811e-02   3.9308740e-01  -1.1161224e-01   1.0057411e-01  -2.9550607e-01  -2.9240948e-01   2.8418504e-01   4.8297786e-02   4.6402836e-02   4.2024116e-02
   1.3553792e-02   3.2666232e-02   1.0727550e-01  -6.0580154e-02   5.2941994e-04  -1.9059803e-02   6.3642287e-02   9.3594087e-02  -1.1300600e-01  -1.3233973e-01   6.1785669e-02   3.0307317e-01   6.8426266e-02   6.9729223e-02  -1.0474426e-01  -2.6186437e-01   2.1259926e-01   8.2912948e-02  -2.4777114e-02   4.2023347e-02
   6.3123879e-02  -6.0412596e-02   9.5405311e-03  -6.6782397e-02   1.7069395e-02  -4.0838595e-02  -1.4284729e-02   1.4694836e-01  -1.7166567e-01  -6.7234712e-02  -2.9642933e-03   1.8311507e-01   1.2841732e-01   1.8259220e-01  -1.2565878e-01  -2.6698052e-01   1.3365845e-01   8.6026386e-02   1.3193314e-02   2.1748025e-02
   1.0866543e-02  -5.8437955e-02   1.2532122e-02  -1.3280804e-01   7.4330267e-02   2.5815352e-02   1.2414521e-01   6.4637871e-02  -1.9929420e-01  -6.3744580e-02  -4.9702626e-02   3.4527272e-01   1.4605857e-01   2.0818031e-01  -1.2905443e-01  -2.5934262e-01   1.5233023e-01   5.2583910e-02   1.9620216e-02   1.0607269e-01
   4.6324430e-02  -6.0580293e-02   1.5548976e-03  -5.1872163e-02  -9.6630811e-02  -2.1114668e-02   1.2686796e-01  -2.7171536e-02  -1.5368687e-01   1.2688259e-02  -1.1413214e-01   4.0680736e-01   1.5691797e-01   1.5610902e-01  -2.3168891e-01  -1.8408999e-01   1.0323846e-01  -5.6454151e-02   6.5215348e-02   8.2468597e-02
  -2.3958202e-02  -3.3070042e-02  -6.4642400e-02  -2.5378590e-02  -6.3668073e-02   2.8305240e-02   8.4094276e-02   1.4930523e-02  -1.9896411e-01  -5.7593278e-02  -2.3004860e-01   2.8190294e-01   9.3718756e-02   1.6645245e-01  -2.0860445e-01  -7.0841228e-02   1.1309161e-01  -1.6624199e-01   2.7443848e-02  -2.5951565e-02
  -1.8225479e-02  -1.0528990e-02   4.2694725e-02  -1.6022383e-02  -1.0584053e-01  -2.9158702e-02   1.3764518e-01  -3.9100709e-02  -5.9369827e-02  -1.3117068e-02  -1.3996946e-01   1.8272572e-01   4.6843815e-02   1.0747264e-01  -2.0054644e-01   3.1450829e-02   1.2326267e-02  -1.6938856e-01  -7.4040873e-02   7.5887952e-02
