  -2.7294376e-02   1.0843349e-01  -1.1208735e-02   1.3691820e-01  -2.8114534e-02  -2.3054119e-02  -4.3458641e-02  -3.2691371e-02   1.3594248e-01  -7.6540065e-02   2.1965638e-03  -8.6048060e-02   1.0791524e-01  -6.2170274e-03  -9.6839370e-02  -4.9203761e-02   8.2790100e-02   1.0128400e-01  -1.3024355e-01  -2.4078500e-01
  -5.4428235e-02   8.1165747e-02  -1.9270741e-01   4.2348278e-03  -1.6307577e-01  -1.3196082e-01  -5.8455914e-02  -1.0541276e-01   1.5916948e-01  -1.6273139e-01   7.8121577e-02   2.4067803e-02  -8.1695137e-03  -1.7374212e-01  -1.9397656e-01  -1.2710605e-01   2.1216657e-01   1.0241666e-01  -2.2386728e-01  -3.6583278e-01
  -1.2149045e-01  -2.7015142e-02  -2.5307606e-01  -6.6016027e-02  -3.5123502e-01  -2.0520319e-01  -3.0156667e-02  -1.1956931e-01   1.3561258e-01  -3.5005159e-01   1.2350408e-01  -8.6917423e-02  -1.6228374e-02  -3.8528477e-01  -1.1023721e-01  -1.0303062e-01   3.0838361e-01   9.1432866e-02  -2.5797710e-01  -5.2271848e-01
  -1.2679891e-01  -9.8868104e-02  -2.5282740e-01  -1.8335984e-01  -3.9935661e-01  -2.0731441e-01  -7.0808605e-02  -3.4006684e-02   3.5517067e-02  -1.0615023e-01   6.8066198e-02  -2.8927129e-03  -8.2249561e-03  -3.1138756e-01  -1.2976879e-01  -9.4378431e-02   2.7331239e-01   5.9079951e-02  -2.5044085e-01  -4.6335127e-01
  -9.9998093e-02  -8.9617014e-03  -1.2817841e-01  -3.0727667e-01  -2.0703987e-01  -1.5467100e-01  -1.0327043e-01  -8.3793651e-02  -1.0322026e-01   1.1049471e-02   4.2482494e-02   8.3651606e-02  -3.2926656e-02  -4.1294472e-01  -1.1678280e-01  -1.2745295e-01   1.1887393e-01  -1.2370133e-01  -2.4425841e-01  -2.8744558e-01
  -1.1340379e-01  -1.3615565e-01  -8.7621526e-02  -3.2187073e-01  -1.7390307e-01  -1.4423803e-01  -2.3104847e-01  -1.0441102e-01  -1.9417012e-01   1.2995429e-01  -1.8428580e-02   3.6701131e-02  -2.3102390e-02  -3.1115784e-01  -1.2307715e-01  -8.2986555e-02   1.4323227e-01  -1.6269069e-01  -2.3251046e-01  -2.1988045e-01
  -1.2799861e-01  -1.9260534e-01   2.4530147e-02  -2.7196367e-01  -8.9029526e-02  -1.5522373e-01  -2.6903111e-01  -1.0050450e-01  -2.1238553e-01   1.5925909e-01  -3.9022809e-02   6.0162911e-02   5.6516149e-02  -2.9082033e-01  -2.1576883e-01  -6.9097538e-02   2.9619502e-02  -3.1561213e-01  -2.0897895e-01  -2.1912321e-01
  -1.1758687e-01  -2.5298540e-01   1.4542376e-01  -2.2315805e-01   9.8554624e-02  -8.5702780e-02  -2.6280319e-01  -4.0594397e-02  -2.0120909e-01   2.8179107e-01  -6.4324695e-02   8.2672533e-02   1.3533947e-01  -2.4072304e-01  -1.6338198e-01   3.5498354e-02  -1.0060152e-01  -3.5416768e-01  -1.5874009e-01  -2.9764872e-02
  -9.1422082e-02  -2.0909844e-01   1.2588568e-01   1.1192238e-02   1.0235804e-01  -8.6103586e-02  -1.9076281e-01   3.5415989e-02  -1.5156522e-01   2.9588789e-01  -3.5229636e-02   1.0862751e-01   1.0878808e-01  -1.2481093e-01  -1.4816177e-01   1.1189592e-01  -1.6963362e-01  -3.6502493e-01  -1.3511583e-01   8.8515099e-02
  -7.5401303e-02  -1.3185787e-01   1.2783148e-01   4.1898612e-02   7.6941175e-02  -6.4342645e-02  -1.7557159e-01   8.7620234e-03  -1.7789191e-01   3.1621156e-01  -6.4643358e-02   1.5178084e-01   2.0847664e-01  -5.4024156e-02  -4.0768414e-01   1.7623364e-01  -1.7646448e-01  -3.6793264e-01  -1.1990801e-01   1.7331566e-01
  -2.1495504e-01  -7.1600032e-02   1.6820300e-01   1.0872507e-01   3.9762494e-02  -1.1022283e-01  -1.9969367e-01  -3.2420275e-02  -1.8420116e-01   3.4968394e-01  -6.4086826e-02   7.7398382e-02   3.0486070e-01  -1.8068940e-02  -1.8591461e-01   1.7444917e-01  -2.2097955e-02  -4.2452508e-01  -9.8688773e-02   2.1642937e-01
  -2.2144250e-01   6.6381873e-02   1.3652696e-01   6.3807221e-02  -1.3343559e-02  -1.6364946e-01   6.2523546e-05   1.0005530e-01  -2.0568203e-01   1.5651523e-01  -8.0895830e-02   8.5416396e-02   3.2450987e-01   6.9088437e-03  -2.2636407e-01   1.5246950e-01  -4.4061420e-02  -4.0766655e-01  -8.0630756e-02   9.9433171e-02
  -2.5323384e-01   1.0430412e-01   1.5282349e-01  -5.1178247e-03  -6.8573153e-02  -1.3091287e-01   1.1657969e-01   2.8967516e-02  -2.1489617e-01   8.2039612e-02  -8.1451423e-02   1.3644819e-01   2.6755505e-01  -2.0779796e-02  -2.6631413e-01   9.5172174e-02  -2.0260788e-02  -2.9897870e-01  -1.3103678e-01   1.8353658e-01
  -2.2569413e-01   1.3951639e-01   1.1549448e-01   2.4013626e-02  -6.8464125e-02  -9.6332115e-02   2.1442267e-01  -2.3947685e-02  -1.9401984e-01  -1.1291972e-02  -1.0889638e-01   1.1685655e-01   1.4213735e-01  -4.1412103e-02  -4.5157217e-02  -6.4446091e-02   1.4605420e-01  -3.1180385e-01  -6.0295388e-02   2.3534197e-01
  -1.8301755e-01   1.8348182e-01   3.9835983e-03   4.1350575e-02  -1.2634000e-02  -1.1120988e-01   1.6148049e-01  -9.3173823e-02  -1.9503921e-01  -9.6013865e-03  -4.2029234e-02   1.2861495e-01   8.5211788e-02  -2.1021699e-01   1.0878836e-01  -4.0050908e-02   1.2766858e-01  -2.0328556e-01  -1.3892423e-01   1.3730363e-01
  -1.6582704e-01   1.2979259e-01   1.1504286e-01  -6.2567340e-02   1.6413917e-02  -8.7338753e-02   1.7306731e-01  -1.3535062e-01  -2.6725432e-01   9.0278646e-02  -9.3939366e-02   1.6588544e-01  -3.0478968e-02  -2.5144954e-01   1.5599401e-01  -8.7051877e-02  -1.9961399e-02  -2.3683378e-01  -1.0708303e-01   1.5529204e-01
  -1.4220843e-01   4.5059497e-02   1.7330507e-01  -1.5729763e-02   1.9042757e-02  -4.6516906e-02   9.4752628e-02  -2.2439815e-01  -2.9841181e-01   2.1780606e-01  -8.5912054e-02   2.3730444e-01   2.0500763e-01  -3.5442285e-01   4.3303240e-01  -1.3088599e-01  -2.0811993e-01  -1.7437713e-01  -1.0146525e-01   1.8720423e-01
  -1.0242204e-01  -7.4102976e-02   2.1704836e-01  -3.5860608e-02   1.7588333e-02  -9.0749642e-03   7.3804218e-02  -1.6149146e-01  -2.9792564e-01   3.1916693e-01  -6.4787138e-02   1.9530087e-01   4.5845048e-02  -4.3791176e-01   3.3601272e-01  -9.2748589e-02  -2.0554971e-01  -1.4750978e-01  -9.8853623e-02   3.6545950e-01
  -2.3296738e-02  -7.2758037e-02   1.4922619e-01  -4.4376051e-02   1.9347439e-02   2.3758701e-03   9.0149755e-02  -2.2111743e-01  -2.9919968e-01   5.0134858e-01  -6.3708223e-02   2.2560935e-01  -1.0487555e-01  -3.9693903e-01   2.8408212e-01  -8.0207658e-02  -3.2434482e-01  -2.9367817e-02  -1.6701649e-02   5.6211773e-01
  -2.7240823e-02  -5.4863485e-02   1.9316477e-01   4.0507557e-02   3.4258175e-02   4.5061380e-02   9.7944704e-02  -3.1997794e-01  -2.5698920e-01   5.3380260e-01  -1.5237625e-02   2.7773561e-01   3.0901819e-02  -3.2556371e-01   3.6062245e-01  -1.0372156e-01  -2.7292827e-01  -3.9011254e-02  -8.9548434e-02   6.2930062e-01
  -1.8808481e-02  -6.2506690e-02   1.5000293e-01   9.8713181e-02   2.2794333e-02   1.4368456e-02  -8.2528259e-03  -3.2722135e-01  -1.2414745e-01   5.3394835e-01   8.8279414e-02   2.9059241e-01  -3.6569275e-02  -2.5155971e-01   1.7386439e-01  -9.8254233e-02  -3.0621023e-01  -4.4462136e-02  -1.8865248e-01   7.0790909e-01
   2.8754470e-02  -1.4157543e-01   1.1400740e-01   1.5709089e-01   1.3865255e-02  -4.9306644e-03   7.1820069e-02  -3.6708888e-01   8.9649448e-03   4.3807643e-01   1.0550933e-01   1.6556257e-01   7.8118628e-02  -2.3736280e-01   2.7061425e-01  -5.6007115e-02  -2.8098770e-01  -5.1302242e-02  -1.8648933e-01   6.1803535e-01
  -3.6378292e-02  -5.9785946e-02   8.9585390e-02   8.2301538e-02  -4.5341738e-02  -4.5800217e-02   1.2495663e-01  -2.6270462e-01   7.2326324e-02   3.0050016e-01   1.0345281e-01   1.6565921e-01   2.6353897e-02  -2.2097622e-01   3.6865687e-02  -3.7251150e-02  -1.1944297e-01  -2.4604660e-02  -1.1067745e-01   4.6917844e-01
  -5.7268682e-02  -1.7060449e-02   7.7961763e-02  -4.3299294e-02  -1.0971441e-01  -3.6136754e-02   8.8770654e-02  -1.6661697e-01   7.7175793e-02   1.6698680e-01   8.2829706e-02   4.6696087e-02   7.5748689e-02   3.0628263e-02  -1.4005562e-01  -4.9307481e-02  -6.5146388e-02   4.2419046e-02  -1.6134313e-02   2.3045490e-01
