   6.0491157e-02   1.7863351e-01  -4.7123528e-02   2.8595392e-02  -5.2567275e-02   1.0720710e-01   1.2728855e-01   1.8063267e-02  -8.8840463e-02  -7.7194663e-02  -3.1530098e-02   8.7000107e-02   6.0994153e-02   1.1873793e-01  -2.2958907e-01  -2.7151057e-02  -3.5487603e-02   4.8889568e-02   2.6420567e-02  -2.7949203e-01
   3.0248540e-02   2.5626881e-01   2.4999530e-02   2.5722674e-02  -1.1402093e-01   4.0511540e-02   8.9876859e-02   9.8283292e-03  -1.2365699e-01  -1.9090723e-01  -8.8102945e-02   1.3213466e-01   7.3231178e-02   1.6181197e-01  -1.6652244e-01   7.6963164e-02  -8.3121279e-02  -2.2371921e-02  -3.6307288e-02  -4.1971009e-01
   2.2296821e-02   2.3291431e-01  -5.4904742e-02   5.2844283e-02  -2.9066744e-01   7.7183271e-02   1.8915059e-01   1.6198974e-01  -1.6349257e-01  -2.1585541e-01  -4.8419161e-02   1.4846768e-01   2.1237824e-02   8.5516868e-02  -1.2103956e-01   4.0488187e-02  -5.8998389e-02   7.6850853e-02  -3.3918189e-02  -4.0196497e-01
   3.6341026e-02   2.6316656e-01   6.7115028e-02   1.2167513e-01  -1.8861554e-01   1.5183930e-01   2.7076391e-01   9.7069397e-02  -5.3305337e-02  -1.1713188e-01  -2.8434573e-02   1.9768649e-01   8.2878961e-03   9.6532462e-02  -3.9440403e-02   6.4488839e-02  -7.6945685e-02  -2.7650852e-02   2.5372880e-02  -1.5337842e-01
   1.1927813e-01   2.7651888e-01   9.7375180e-02   8.0691341e-03  -9.4714106e-02   1.7348500e-01   3.2132453e-01   1.1185614e-01  -1.4878367e-02  -8.3042616e-02   4.9469002e-04   2.1700528e-01   1.1615065e-01   1.6635992e-01   3.6119461e-03   4.4625805e-02  -6.2201883e-02  -8.2003063e-02   7.8525734e-02   4.8972248e-02
   1.8134823e-03   1.0303402e-01   1.4040044e-01  -3.7824338e-03  -2.2360461e-01   1.7838968e-01   2.0278912e-01  -1.4020984e-02  -1.5733600e-02  -7.7356475e-02   1.2384022e-02   1.6753337e-01   1.9023836e-01   2.2368331e-01   3.5896278e-02  -8.0123766e-02  -5.5420175e-02  -1.4605416e-01   1.0875432e-01   1.0487481e-01
   1.8301262e-02   6.6590675e-02   1.3051759e-02  -6.7067159e-02   2.8842743e-02   1.7866456e-01   1.5268004e-01  -2.6723736e-02  -6.6525623e-02  -7.8397306e-02   7.4600437e-03   1.2422925e-01   2.7357344e-01   1.0258794e-01   3.7125999e-03  -1.5014854e-01  -9.8809898e-02  -1.8167219e-01   7.0230337e-02   1.3664299e-01
   3.2377791e-03  -6.0821655e-02  -3.4736728e-02  -2.4032580e-03  -1.4008537e-02   1.3747997e-01   1.0506328e-01  -2.8361211e-02  -5.4560655e-02  -4.7607752e-02   3.9482279e-02   9.0393042e-02   2.1602723e-01  -7.6585795e-02   1.1678923e-01  -1.0298930e-01  -1.4783320e-01  -1.4199364e-01  -5.3294240e-02   2.4240413e-01
   4.6471500e-02  -1.4029751e-01  -5.2610699e-02   1.6377239e-02   1.7208989e-01   1.0816272e-01   5.8687007e-02   6.3102439e-02  -1.0676327e-01  -5.0916932e-02   9.7775365e-02   1.1155277e-01   2.4210661e-01  -3.5711995e-03   8.1384277e-02  -1.0035592e-01  -1.3666951e-01  -1.4344091e-01   5.5924829e-02   5.2966280e-02
   1.1350689e-01   1.3212296e-02   2.2319277e-02  -1.3000282e-01   2.0154313e-01   1.1054965e-01  -5.6081478e-02   6.8877443e-02  -1.3715474e-01  -1.0111856e-01   4.6712485e-03   1.3801760e-01   1.5534285e-01   3.5760844e-02   5.8367070e-03  -8.0514882e-02  -4.3832917e-02  -1.2338917e-03   1.3716678e-03   1.3025999e-01
   8.5205063e-02  -3.4061868e-02   1.2888655e-02  -1.9987252e-01   1.9581892e-01   2.1122018e-01  -1.3363059e-01   1.2442483e-01  -1.7486592e-02  -9.7474204e-02  -8.2011685e-02   1.1554816e-01   8.9428968e-02  -9.7013871e-02  -1.1903690e-01  -6.7500252e-02  -6.1217091e-02   5.0776237e-02  -3.3230999e-02   1.8103235e-01
   2.0174556e-01  -7.7652548e-02  -2.0397435e-02  -1.9712229e-01   2.9926335e-01   1.7813200e-01  -1.2741723e-01   1.8559964e-01   2.1974058e-02  -8.1356205e-02  -4.1869862e-02   9.4884232e-02   5.8504168e-02  -1.3720834e-01  -9.0358099e-02  -4.0709715e-02   9.0014420e-03   1.0653261e-01  -2.8485638e-02   1.4189650e-01
   2.4809593e-01  -3.3143753e-02  -1.8935214e-02  -1.9793700e-01  -6.3409672e-02   1.7341836e-01  -1.2455871e-01   1.6370370e-01   3.7183093e-02  -1.3486565e-01  -7.6637269e-03   1.3895523e-01  -5.7979608e-02  -1.4527939e-01  -1.2486247e-01   1.8697064e-02   7.1611366e-02   1.3986166e-01  -7.6156068e-02   2.2300140e-01
   2.6326668e-01  -3.5046631e-04  -3.9472542e-02  -2.7234717e-01  -1.3747253e-01   1.7664374e-01  -7.4157606e-02   2.3440458e-02  -3.1133096e-02  -2.0559956e-01   4.7941344e-02   1.7045845e-01  -5.9858206e-02  -1.7095992e-01  -1.8228575e-01   1.2173422e-01   9.8912869e-02  -3.4902951e-02  -9.0676518e-03   1.1488618e-01
   1.7658184e-01  -4.5288484e-02  -7.1990586e-02  -2.3299917e-01  -1.6101657e-01   1.3553173e-01  -1.3381365e-01   1.1693801e-01  -7.2698334e-02  -2.0690209e-01   6.9297969e-03   2.8267517e-01  -1.5163007e-01  -1.8819031e-01  -2.4505218e-02   2.6979334e-02   6.0983982e-02  -3.7292427e-03  -8.4294476e-02   1.5668399e-01
   7.7828831e-02   8.9183140e-02  -1.6067496e-01  -2.5478351e-01  -1.6879368e-01   1.7631688e-01  -8.7779092e-02  -1.3896989e-02   4.4897015e-02  -2.7270408e-01  -1.7805455e-02   2.8208643e-01  -5.1815076e-02  -2.6147257e-01   2.7824415e-02   6.2857390e-02   7.1144222e-02  -1.6287628e-02  -2.0333288e-01  -1.7322830e-02
   1.2883698e-01   1.8418538e-01  -1.3354772e-01  -1.4609559e-01  -1.5972156e-01   1.7561536e-01  -7.8777001e-02  -6.2034381e-02   4.4573150e-02  -1.5852254e-01  -1.1030240e-01   2.3330388e-01  -7.2444336e-02  -5.5507131e-02   1.8188481e-01  -2.9933878e-02   9.1561975e-02  -9.8399178e-02  -1.7810095e-01  -1.2680808e-01
   2.0072432e-01   4.1424769e-02  -2.8092070e-01  -1.8914821e-02  -2.4846495e-01   1.0596767e-01   3.2903026e-02  -1.3123129e-01   7.0096974e-02  -1.1261874e-01  -6.2001317e-02   1.5866917e-01   2.4277883e-02  -1.0353939e-01   1.7242288e-01   1.1531875e-01   8.0727997e-02  -1.0349020e-01  -1.4746114e-01  -1.1370062e-01
   1.5798441e-01   2.0330496e-02  -1.7230172e-01   2.4194544e-02  -7.6155375e-02   9.9608072e-02   8.0476237e-02  -1.2223001e-01   5.7745452e-02  -1.1829729e-01  -1.2177671e-01   1.0552943e-01   2.0231195e-02  -7.0443170e-02   1.6954978e-01   4.7710433e-02   7.2765706e-02  -1.3412190e-01  -5.9301214e-02  -6.5605612e-02
   1.3054475e-01  -8.2302561e-02  -2.0095431e-01   8.8859586e-02  -1.8648771e-01   9.1367331e-02   1.9344729e-01  -5.4288534e-02   1.9522403e-01  -1.5881816e-01  -1.5010485e-01   6.6064097e-02   2.9737954e-02   4.1446329e-03   1.2352332e-01  -5.0771551e-03   1.7923188e-01  -6.6458251e-02  -7.5479594e-02  -6.1424880e-03
   8.4470287e-02  -8.0437771e-02  -1.7302463e-01   8.8155504e-02  -9.3263668e-02  -2.2447797e-02   1.2962093e-01   1.3761348e-02   7.2337751e-02  -1.3190091e-01  -2.1128910e-01  -1.7323998e-02   1.0848626e-01   2.6313219e-02   7.3593278e-02  -5.2976810e-03   1.8035983e-01   5.1576075e-02   5.8550201e-03   6.3653412e-02
   8.3618050e-03  -8.3247048e-02  -1.4998297e-02   1.2824554e-01  -2.1331112e-01   1.6065921e-02   1.6623793e-01  -5.6846718e-02   5.0506912e-03  -9.0622692e-02  -1.6240617e-01  -3.3749732e-03   1.1392059e-01  -3.6779537e-02   1.9072241e-01  -7.6886198e-02   2.2741152e-01   4.0934819e-02   3.1390567e-02   3.6396901e-02
  -7.2607731e-02  -8.7451062e-02   5.3954249e-02   4.3247769e-02  -2.4083069e-01   6.7314841e-02   1.6005435e-01   3.5227568e-03  -6.1383146e-02  -1.0262717e-01  -1.5565211e-01  -3.2832913e-02   8.2709600e-02  -7.5269971e-02   1.7242526e-01  -5.8860130e-02   1.1492702e-01   5.4161020e-02  -1.4213409e-02   1.2166423e-01
   2.1207693e-02  -2.4381101e-02   1.5133882e-02  -4.5475341e-03  -3.8123044e-02   3.4074903e-02   7.8031968e-02  -1.0484061e-01  -1.4173659e-01  -2.9742798e-02  -7.1206869e-02   6.7556888e-02   1.1277982e-02  -1.8923037e-01   1.5853231e-01  -9.0683210e-02   5.6133216e-03   1.7291085e-02  -1.0209848e-01   9.4597126e-02
