  -8.2498585e-02   7.1219461e-02  -4.3761338e-02   4.2318921e-02   1.0519513e-01   6.9678861e-02   2.9240363e-02  -2.2218941e-01   5.5127291e-02   1.4671429e-01  -9.7453257e-02   8.4611275e-03  -2.1530675e-01   2.5472453e-02   1.7377130e-01  -9.4273031e-02   4.4376880e-02  -4.3480643e-02   1.3109497e-01  -3.6397057e-02
  -1.7974030e-01   4.9036840e-02   1.4539059e-01   8.1668566e-03   2.7290487e-01   1.8988246e-01  -7.7576468e-02  -3.1000142e-01   9.7752068e-02   1.6517830e-01  -3.7259518e-02  -7.8279470e-02  -2.5443324e-01   9.8073406e-03   1.1112897e-01  -1.8060700e-01   1.7269309e-01  -6.7039561e-02   2.5356333e-01  -1.6661618e-01
  -2.8133593e-01  -3.7075378e-02   2.9558349e-02  -5.2587135e-02   1.6865152e-01   1.0277647e-01  -7.0321284e-02  -3.6424848e-01   2.0864123e-01   1.4699921e-01  -8.2252568e-02  -1.8971126e-01  -2.9224567e-01  -3.3634562e-02   1.8677020e-01  -3.2125144e-01   2.1781256e-01  -1.4104899e-01   2.5134279e-01  -2.9716665e-01
  -2.6396639e-01  -1.6609820e-02   4.0085079e-02  -4.1923604e-02   1.9860025e-01   7.4568208e-02  -2.0729535e-01  -3.7184241e-01   2.5358723e-01   2.3419628e-01  -1.2164537e-01  -3.0442985e-01  -2.6821674e-01   1.3347793e-02   2.6777774e-01  -3.5867104e-01   1.4582877e-01  -1.9184534e-01   1.8726968e-01  -4.0350826e-01
  -2.0205344e-01  -6.7402304e-02   1.2405726e-01  -2.2465351e-01   1.9495551e-01   3.0161777e-02  -2.4223312e-01  -4.5856042e-01   2.3615306e-01   1.4582977e-01  -1.7922222e-01  -3.5558716e-01  -2.7726695e-01  -2.3436515e-02   2.2252830e-01  -3.5447074e-01   1.7978332e-01  -2.6471156e-01   1.7055323e-01  -2.6557273e-01
  -2.0252031e-01  -8.9053019e-02   1.6934881e-01  -2.2969561e-01   1.9395745e-01  -1.0388794e-02  -2.5118422e-01  -4.5433890e-01   1.4013151e-01   2.2111240e-01  -2.3340499e-01  -3.3305774e-01  -4.1150273e-01  -6.0507443e-02   8.3305435e-03  -3.7483779e-01   9.7949207e-03  -2.3355796e-01   1.9954490e-01  -1.7321499e-01
  -2.1340238e-01  -8.3578610e-02   4.3139756e-02  -2.8626570e-01   1.7216634e-01  -7.0898163e-02  -2.9398894e-01  -3.5835865e-01   4.5378710e-02   1.2539295e-01  -2.2644978e-01  -3.0170186e-01  -4.3923487e-01  -1.3896346e-02   7.9389313e-02  -4.2862610e-01   1.0769620e-01  -2.7902723e-01   1.4622184e-01  -2.3810637e-01
  -1.8948135e-01  -5.2762494e-02   1.4137736e-01  -1.3802559e-01   2.3254741e-01  -1.5088284e-01  -1.2894119e-01  -3.2567588e-01  -3.3711319e-02   2.0874713e-01  -2.0736131e-01  -2.7025495e-01  -4.9180120e-01   4.4470839e-02   2.2870133e-01  -4.0464129e-01   8.9144823e-02  -3.9411073e-01   2.5344773e-01  -3.1955462e-01
  -7.2733244e-02  -1.5863097e-01   3.1095598e-01  -4.4734893e-02   3.3021696e-01  -1.6484398e-01   3.2484786e-02  -1.7548369e-01  -7.8089772e-02   3.9071874e-01  -7.7343183e-02  -2.8056066e-01  -3.8437724e-01  -1.7037503e-03   3.9067413e-01  -3.1083539e-01   8.1270821e-02  -4.5902908e-01   2.8515158e-01  -1.6104424e-01
   1.0576308e-02  -2.4686510e-01   2.6517438e-01  -7.4980555e-02   2.6066803e-01  -2.1453232e-01   1.0948039e-01  -8.1306963e-02  -7.1845056e-03   3.6430260e-01  -4.0564388e-02  -2.4357976e-01  -4.7146741e-01  -4.3226135e-02   4.3303795e-01  -3.1476355e-01   1.1775768e-01  -3.3866727e-01   2.6196463e-01  -4.2972832e-02
   8.4014440e-03  -3.4730240e-01   1.5091610e-01   3.9008032e-03   3.3723553e-01  -2.1465018e-01   1.4370678e-02   5.0555238e-02  -6.7228652e-02   3.9122684e-01  -2.2693289e-02  -1.7250066e-01  -3.0209795e-01   6.5605701e-02   2.0690824e-01  -2.6527296e-01   8.4388641e-03  -3.5329996e-01   3.3414187e-01   1.3825255e-02
  -3.0865219e-02  -5.2384554e-01   7.0602198e-02  -2.4032920e-02   3.3194867e-01  -2.0196132e-01   3.9691775e-02   2.3223927e-01  -1.3296820e-01   3.6067909e-01  -4.6828191e-02  -1.3512965e-01  -2.8302285e-01   1.4121917e-01   2.4745832e-01  -2.4208763e-01  -1.2624239e-02  -3.6183697e-01   4.7015834e-01  -5.2499497e-03
   8.5399450e-03  -4.3763639e-01   1.6624953e-01  -5.5383252e-02   1.7809980e-01  -2.7445238e-01   6.1804928e-02   3.5108283e-01  -8.7113261e-02   1.2074982e-01  -5.2807981e-02   1.0746245e-02  -1.5894319e-01   7.6988750e-02   2.7243314e-01  -1.7530808e-01  -4.2708775e-02  -1.5065201e-01   3.9570125e-01   2.7708493e-02
   2.5104686e-02  -3.8247638e-01   2.2187329e-01  -9.0525951e-02   1.1343947e-01  -2.7003763e-01   3.6178857e-02   2.3786211e-01  -1.3333320e-01   9.3978412e-03  -8.6655601e-02   2.0318809e-02  -1.7641615e-01   5.9292333e-02   1.8942397e-01  -1.5977433e-01   8.0567651e-02  -9.2737371e-02   3.0761993e-01   5.0330636e-02
  -1.7389758e-02  -3.7088191e-01   1.9132506e-01   4.5228767e-03   6.3874795e-02  -2.9891338e-01   8.4261492e-02   1.4414569e-01  -1.6384945e-01   2.3011950e-02  -3.7003518e-02  -3.3727515e-02  -1.6096912e-01   4.0886049e-02   1.8889933e-01  -2.0222727e-01   6.6095746e-02   1.0299580e-01   3.5400744e-01  -3.6786386e-03
  -1.1222259e-01  -2.7515860e-01   3.9728066e-03   4.0094320e-02   4.4973121e-02  -2.5273794e-01   1.0022395e-01   1.2709128e-02  -1.0339340e-01  -1.4194049e-02  -6.6963279e-02  -3.7061115e-03  -7.9796309e-02   6.1319934e-02   1.5248956e-01  -1.7775220e-01   3.3978282e-02   6.8492711e-02   2.9408043e-01   1.4476997e-03
  -1.0994672e-01  -1.8347765e-01   9.5206774e-02   1.2319046e-01   5.8446869e-02  -1.7164456e-01   1.4445076e-01   8.2362571e-03  -6.8003263e-02  -3.1812306e-02  -8.2039925e-02  -8.5616613e-02  -2.9436559e-02   8.1671455e-02   1.7130606e-01  -5.0713478e-02  -4.0480893e-02  -4.7718106e-02   1.9221905e-01  -6.4989418e-02
  -1.5992539e-01   2.3239422e-02   1.7673057e-01   5.3413782e-02   3.4846419e-01  -1.0076882e-01   2.1315463e-01  -8.1986823e-02  -1.0148078e-01  -1.5799005e-01  -6.3202963e-02  -4.6616074e-02  -3.9778612e-02   6.1315027e-02   2.4053030e-01  -4.5945814e-02   5.3765801e-02  -4.4805195e-02   1.1350534e-01  -1.5260599e-02
  -1.8268602e-01   9.4986773e-02   1.4912225e-01   5.9163594e-02   3.3895847e-01  -2.8641704e-02   2.3259213e-01  -2.2575928e-01  -1.8153724e-01  -8.3235919e-02  -1.1097035e-01  -1.4270467e-02  -7.5938100e-02   3.6564319e-02   2.4395486e-01  -7.7669393e-02   6.7189365e-02   1.2201238e-02   4.0726830e-02  -5.1936702e-02
  -2.0564689e-01   2.8308745e-01   8.2720358e-02   8.1150684e-02   3.2626571e-01   1.0283841e-03   2.9658227e-01  -1.4376273e-01  -1.4952594e-01  -1.9014475e-01  -1.7687350e-01   2.9158347e-02  -1.7736820e-01   4.0181505e-02   3.0043263e-01  -5.0454289e-02   1.1017183e-01   7.2649932e-02  -6.2895375e-02  -1.7719060e-01
  -1.8956989e-01   1.0928412e-01   3.0188992e-02  -2.9239948e-02   3.6996475e-01   7.2934877e-02   1.7180427e-01  -2.2372709e-01  -2.3236389e-01  -2.7470572e-01  -1.5798206e-01   8.2296280e-02  -9.7959312e-02   2.5605393e-02   1.6138849e-01  -3.7296859e-02   2.2964559e-02   1.2851174e-02   4.2530356e-02  -1.7277224e-01
  -1.3594807e-01   1.5418538e-01  -2.4666673e-02  -5.8889621e-02   4.0186266e-01   6.5905759e-02   2.4675457e-01  -1.4385610e-01  -1.9923630e-01  -2.9626515e-01  -1.5609783e-01   2.7058386e-01  -5.6622126e-02   2.8920205e-02   6.9054560e-02  -7.1681738e-02  -7.5114993e-03  -4.6485870e-02   4.3943675e-02  -3.1451410e-01
  -1.4568923e-01   2.1214447e-01  -9.5929855e-02  -5.9634341e-02   1.6079246e-01   1.5547341e-01   1.0920413e-01  -1.8047959e-01  -2.1743451e-01  -2.4084633e-01  -1.2479367e-01   1.7864546e-01   5.5314314e-02   4.6457751e-02  -6.7628213e-02  -4.9049622e-02   2.2993391e-02  -1.2913323e-01   8.6293661e-02  -3.5727153e-01
  -1.7250634e-01   7.8331507e-02  -6.1509673e-02  -1.1552901e-03   1.2162933e-01   8.4028783e-02   6.2139059e-02  -3.4649150e-02  -6.0398879e-02  -8.7041487e-02  -9.9248151e-02   1.1626995e-01   5.6782897e-02   1.3318640e-02  -1.1707940e-01   2.9062184e-02   7.5952216e-02  -2.6463754e-01  -1.0316150e-02  -3.0748492e-01
